148947
148948
148949
146421
Artefact
148953
149280
149149
148899
148899
149118
447730
447730
149655
591192
149137
Bubbles
1322477
109506
148985
149241
148985
149120
149123
1267
1080
148992
149271
1066
1066
Detritus
146203
149018
149023
Egg/Cyst
149130
Faecal pellet
172431
Fibers
1410
149112
149132
149068
157440
1322468
148971
149037
149322
149042
149145
51
1066
345491
109921
109393
149049
163292
149054
148899
148899
163067
Phytoplankton Colony
148971
Pollen
883
558
149168
345513
110247
149151
Remnant
149069
149069
14260
149073
591190
149630
162681
591199
148904
163780
149170
836581
148969
840626
51
Zooplankton
162969
732976
148971
109553
494057
146203
148899
11
